0.0 0.0 0.0 -2.60220847014 -0.804605806719 0.106956310703 0.0 0.0 0.0  
-0.0145339360482 -0.00718648558597 0.0760848332387 -1.56866900399 2.0039956372 1.10216299294 -0.0867402823381 -0.0268201935573 0.00356521035675  
-0.0491926509457 -0.0810778999171 0.111821211128 0.145379590729 0.228741563661 -1.39818516848 -0.139029249138 0.0399796610162 0.0403039767881  
-0.0917147801973 -0.0928021803719 0.0975062051591 -1.88572507419 1.28409489388 -0.0503142146461 -0.13418326278 0.0476043798049 -0.0063021954946  
-0.112567017005 0.00130033082686 0.0912014159108 -2.58581116267 0.130807829471 -0.607792693462 -0.197040765253 0.0904075429342 -0.0079793359828  
-0.169297723473 0.054644269296 0.150373659507 -1.37615480717 -1.7411063179 1.13641414764 -0.283234470675 0.0947678039166 -0.0282390924315  
-0.212498551623 -0.0284210062947 0.125311298073 -2.28365412313 1.25238509121 0.820368851427 -0.329106297581 0.0367309266534 0.00964137915643  
-0.254527771109 -0.0631598569187 0.085734804113 -1.06654074753 0.359477505338 2.11966042128 -0.405228101686 0.0784770963603 0.0369870075373  
-0.272092671535 -0.0632766109477 0.120929871592 -2.11462968007 -0.444093652569 1.04550057695 -0.440779459937 0.0904596798716 0.107642354913  
-0.367799538659 -0.0680251055187 0.125069808334 0.0194366514431 0.906217711948 2.12444433895 -0.511267115939 0.0756565581193 0.142492374145  
-0.443578566428 -0.0664008582966 0.101882486557 -1.96184191608 -1.56025426994 1.38026614825 -0.510619227558 0.105863815184 0.213307185443  
-0.490443325573 -0.0851045526719 0.0579235815725 -2.26592974415 0.081486789909 -1.69285960148 -0.576013958093 0.0538553395196 0.259316057052  
-0.506279039274 -0.046482716626 0.108498510164 -1.38305700096 1.0309900827 -0.891629361199 -0.651544949565 0.0565715658499 0.202887403669  
-0.514322983571 -0.00693008139714 0.169338145362 0.0156889186493 -1.15111888815 -2.41284061513 -0.697646849597 0.0909379019401 0.173166424962  
-0.559764876408 0.0148732847663 0.165937110987 -0.326782866218 -0.530797749628 -0.515631970484 -0.697123885642 0.052567272335 0.0927384044582  
-0.630197598374 0.0347204602808 0.131267693381 -2.32116612223 1.02949676519 1.23583746891 -0.70801664785 0.0348740140141 0.0755506721087  
-0.676785595362 0.0513362574926 0.149711618856 -1.27316167321 -0.305608794747 0.530600343463 -0.785388851924 0.0691905728537 0.116745254406  
-0.723668061668 0.0241379215556 0.157744148003 0.00633060243786 2.53979665444 0.478221395498 -0.827827574364 0.0590036130287 0.134431932521  
-0.717108661768 -0.00898658287582 0.0928966921944 -1.18723078687 0.664966267657 -1.87110034067 -0.827616554283 0.14366350151 0.150372645704  
-0.752840680162 -0.0238405615122 0.0365563376211 -1.58024478217 -0.350524841681 2.47455668162 -0.867190913845 0.165829043765 0.0880026343487  
-0.820475774646 -0.0568601015715 -0.00554895067893 -2.09310011951 0.909028138499 1.00314071604 -0.919865739917 0.154144882376 0.170487857069  
-0.835221987423 0.00534130554967 0.0471243188485 -1.19875016956 -0.836807764288 -1.78819642202 -0.989635743901 0.184445820326 0.203925880937  
-0.854900428503 0.0372041075061 0.101689236542 -2.17839753306 0.299010390526 -0.299644477738 -1.02959408289 0.156552228183 0.144319333537  
-0.932614807653 0.00816884531662 0.155694610014 -0.605871911283 -0.581980235413 0.870768251793 -1.10220733399 0.166519241201 0.134331184279  
-0.984388524465 0.0258802847835 0.177253693728 -1.0617697328 0.562731729864 -1.41121630145 -1.12240306436 0.14711990002 0.163356792672  
-1.02697033346 0.0464254521607 0.214000279456 -2.09483240469 1.64794114073 -0.58211690122 -1.15779538879 0.165877624349 0.11631624929  
-1.07177841265 0.0769677189287 0.197054981891 -0.948788935268 -0.868026289808 -0.321900113803 -1.22762313561 0.220808995707 0.0969123525828  
-1.11035499918 0.118367589594 0.146147395969 0.0147479697407 -1.95897408462 1.1138755247 -1.25924943346 0.191874786046 0.0861823487893  
-1.18843522342 0.119701005776 0.131643160083 -0.775961373334 -1.27720586635 -2.29585082226 -1.25875783446 0.126575649892 0.123311532946  
-1.26459239064 0.0743839115542 0.104654175038 -0.536988306918 -2.43914013712 -1.32230461712 -1.28462321358 0.0840021210141 0.046783172204  
-1.31811134678 0.0190551619068 0.136015263387 -1.08579908389 -0.949224914113 1.26401112062 -1.30252282381 0.00269744977675 0.00270635163327  
-1.41129632161 -5.21018273931e-05 0.113517021377 -0.701954468935 -1.78958787655 0.272126549792 -1.3387161266 -0.0289433806937 0.044840055654  
-1.44240931514 -0.000606062090633 0.0814988662978 -2.59432064993 -0.556729889006 -0.181509132241 -1.3621146089 -0.0885963099119 0.0539109406471  
-1.50190031689 -0.0598215363785 0.0311385404738 -1.19816435864 1.38524554104 -1.93633983073 -1.4485919639 -0.107153972879 0.047860636239  
-1.57879255217 -0.0262800081307 -0.0142228289636 -2.54340210382 -0.637111327273 0.764913035641 -1.48853077585 -0.0609791215109 -0.0166840247852  
-1.57079632679 0.0 0.0 0.0754355755659 2.4664849726 -0.264392292086 -1.57331084598 -0.0822161657533 0.00881307640286  
