0.7 0.0 1.5 0.0 0.0 0.0 -108.520412073 34.0586318541 -25.9575488605 0.7 0.0 1.5 0.0 0.0 0.0 0.0333333333333  
0.572606258179 0.282612959588 1.30332225573 -5.46702894748 10.0 -8.79226296608 138.648089091 17.7285564831 -18.2929372787 0.572606258179 0.282612959588 1.30332225573 -5.46702894748 10.0 -8.79226296608 0.0333333333333  
0.508734414178 0.365625786974 1.20248687297 -0.106445764128 -0.829043843526 -1.20865724203 138.648089091 17.7285564831 -18.2929372787 0.508734414178 0.365625786974 1.20248687297 -0.106445764128 -0.829043843526 -1.20865724203 0.0333333333333  
0.532415237357 0.306687923589 1.14668829794 1.40992870919 -2.44212026174 -2.31912929063 103.86494617 -60.5255011329 -33.9815844037 0.532415237357 0.306687923589 1.14668829794 1.40992870919 -2.44212026174 -2.31912929063 0.0333333333333  
0.65436238448 0.079359187708 1.10339886353 5.21979167402 -9.42292711731 -2.40891742304 103.86494617 -60.5255011329 -33.9815844037 0.65436238448 0.079359187708 1.10339886353 5.21979167402 -9.42292711731 -2.40891742304 0.0333333333333  
0.860765651737 -0.265745488048 0.932345746168 6.93433978296 -10.0 -8.10465616117 103.86494617 -60.5255011329 -33.9815844037 0.860765651737 -0.265745488048 0.932345746168 6.93433978296 -10.0 -8.10465616117 0.0333333333333  
1.10529073009 -0.586212064841 0.594176661365 7.47857224976 -8.90098560693 -10.0 103.86494617 -60.5255011329 -33.9815844037 1.10529073009 -0.586212064841 0.594176661365 7.47857224976 -8.90098560693 -10.0 0.0333333333333  
1.35439219778 -0.865394889591 0.265958750388 7.45984947351 -8.06569022998 -8.96671207252 -62.7202870091 0.0823513325304 -14.372780174 1.35439219778 -0.865394889591 0.265958750388 7.45984947351 -8.06569022998 -8.96671207252 0.0333333333333  
1.53514632618 -1.02895171753 0.0263498997212 3.89783882368 -2.72446391449 -5.6081740866 51.1278672377 -30.3028549394 35.104567185 1.53514632618 -1.02895171753 0.0263498997212 3.89783882368 -2.72446391449 -5.6081740866 0.0333333333333  
1.6752686651 -1.21515054307 0.127889388045 4.25509301695 -6.28631777419 5.95165357301 51.1278672377 -30.3028549394 35.104567185 1.6752686651 -1.21515054307 0.127889388045 4.25509301695 -6.28631777419 5.95165357301 0.0333333333333  
1.81669507672 -1.41819301339 0.336457721875 4.25389596768 -5.86969478443 6.37923975323 51.1278672377 -30.3028549394 35.104567185 1.81669507672 -1.41819301339 0.336457721875 4.25389596768 -5.86969478443 6.37923975323 0.0333333333333  
1.960432764 -1.60682077171 0.549096473237 4.39203390396 -5.4563787378 6.35509849787 51.1278672377 -30.3028549394 35.104567185 1.960432764 -1.60682077171 0.549096473237 4.39203390396 -5.4563787378 6.35509849787 0.0333333333333  
2.11080782844 -1.78216030911 0.759109442301 4.6486837365 -5.06130387801 6.23495270919 48.0792669347 57.5478700921 32.2104275972 2.11080782844 -1.78216030911 0.759109442301 4.6486837365 -5.06130387801 6.23495270919 0.0333333333333  
2.25930007327 -1.89759658255 0.907121036222 4.1780486056 -2.13775581752 3.69106774917 48.0792669347 57.5478700921 32.2104275972 2.25930007327 -1.89759658255 0.907121036222 4.1780486056 -2.13775581752 3.69106774917 0.0333333333333  
2.38699878855 -1.9316003316 1.02768895115 3.46324736913 0.064045090898 3.61667611378 48.0792669347 57.5478700921 32.2104275972 2.38699878855 -1.9316003316 1.02768895115 3.46324736913 0.064045090898 3.61667611378 0.0333333333333  
2.48873426119 -1.89384545338 1.14906722626 2.61596866156 2.21018335041 3.65343819046 -64.9851528928 26.8359438702 28.8361223973 2.48873426119 -1.89384545338 1.14906722626 2.61596866156 2.21018335041 3.65343819046 0.0333333333333  
2.53081549722 -1.77594664312 1.32741215593 0.0729141190366 4.98834656404 6.23353599423 92.918690457 -48.75362291 35.1492444426 2.53081549722 -1.77594664312 1.32741215593 0.0729141190366 4.98834656404 6.23353599423 0.0333333333333  
2.56829830522 -1.64706048116 1.48686053592 2.10153701297 2.64210315049 3.86138715507 6.42243982293 48.1502524111 13.0314066261 2.56829830522 -1.64706048116 1.48686053592 2.10153701297 2.64210315049 3.86138715507 0.0333333333333  
2.61754240904 -1.50711810493 1.5916421065 0.808436799628 5.74575914444 2.53679000747 6.42243982293 48.1502524111 13.0314066261 2.61754240904 -1.50711810493 1.5916421065 0.808436799628 5.74575914444 2.53679000747 0.0333333333333  
2.61996327096 -1.26283679763 1.65612350621 -0.691001832192 8.94890025099 1.25184425339 -61.3505432848 -33.9891950414 -3.72746311128 2.61996327096 -1.26283679763 1.65612350621 -0.691001832192 8.94890025099 1.25184425339 0.0333333333333  
2.59830953212 -0.982271455796 1.65151588998 -0.565895786637 7.70454877503 -1.1053269966 -30.0493162125 23.6982900137 -8.08846483007 2.59830953212 -0.982271455796 1.65151588998 -0.565895786637 7.70454877503 -1.1053269966 0.0333333333333  
2.55581377833 -0.682031955692 1.58099434537 -1.91829661306 10.0 -3.20761980179 -30.0493162125 23.6982900137 -8.08846483007 2.55581377833 -0.682031955692 1.58099434537 -1.91829661306 10.0 -3.20761980179 0.0333333333333  
2.4792544302 -0.329770751892 1.44026654648 -2.46248789469 10.0 -5.0559774624 -30.0493162125 23.6982900137 -8.08846483007 2.4792544302 -0.329770751892 1.44026654648 -2.46248789469 10.0 -5.0559774624 0.0333333333333  
2.40104821626 -0.0137252218395 1.27029653775 -2.13352186105 8.76636305073 -4.90005463164 0.0 0.0 0.0 2.40104821626 -0.0137252218395 1.27029653775 -2.13352186105 8.76636305073 -4.90005463164 0.0  

0.7 0.0 1.5 0.0 0.0 0.0 -110.550652002 -60.1512790006 -30.1733771525 0.7 0.0 1.5 0.0 0.0 0.0 0.0333333333333  
0.6739864185 0.0456461924842 1.43875470626 -1.18756176651 1.85384481101 -2.90584806087 -110.550652002 -60.1512790006 -30.1733771525 0.6739864185 0.0456461924842 1.43875470626 -1.18756176651 1.85384481101 -2.90584806087 0.0333333333333  
0.628849155113 0.105051731828 1.32668076149 -1.49398334087 1.65752919869 -3.69732067614 -110.550652002 -60.1512790006 -30.1733771525 0.628849155113 0.105051731828 1.32668076149 -1.49398334087 1.65752919869 -3.69732067614 0.0333333333333  
0.574920526215 0.155607665223 1.1968182039 -1.73955282303 1.38136182815 -4.05184087385 12.8955435008 56.507088216 -11.7006588355 0.574920526215 0.155607665223 1.1968182039 -1.73955282303 1.38136182815 -4.05184087385 0.0333333333333  
0.466987771169 0.324470459771 0.985348120907 -3.82352136002 6.52486744838 -6.82490877463 114.798045508 2.8669562703 -37.4574594572 0.466987771169 0.324470459771 0.985348120907 -3.82352136002 6.52486744838 -6.82490877463 0.0333333333333  
0.418638900815 0.384660199573 0.845541518193 -0.0715128655641 -0.392751600905 -4.14536782335 114.798045508 2.8669562703 -37.4574594572 0.418638900815 0.384660199573 0.845541518193 -0.0715128655641 -0.392751600905 -4.14536782335 0.0333333333333  
0.445574051206 0.340034104883 0.672487637197 1.63629903211 -2.1684049004 -6.24599335081 57.8598147724 -41.0415157769 -5.11160137132 0.445574051206 0.340034104883 0.672487637197 1.63629903211 -2.1684049004 -6.24599335081 0.0333333333333  
0.556180278903 0.130775749165 0.606148522478 4.05851618496 -7.70697827998 -1.35215460122 44.600600889 -60.3960862011 38.7088642642 0.556180278903 0.130775749165 0.606148522478 4.05851618496 -7.70697827998 -1.35215460122 0.0333333333333  
0.73015092614 -0.239129939067 0.70975641583 5.26374571399 -10.0 3.95259857392 44.600600889 -60.3960862011 38.7088642642 0.73015092614 -0.239129939067 0.70975641583 5.26374571399 -10.0 3.95259857392 0.0333333333333  
0.902343102136 -0.571233605562 0.864648305243 4.96327356623 -9.63745246561 5.05924537682 44.600600889 -60.3960862011 38.7088642642 0.902343102136 -0.571233605562 0.864648305243 4.96327356623 -9.63745246561 5.05924537682 0.0333333333333  
1.06115298674 -0.88045000762 1.04402063647 4.59703074449 -8.96333207301 5.68044273609 127.304098173 42.3210330773 -14.6498622373 1.06115298674 -0.88045000762 1.04402063647 4.59703074449 -8.96333207301 5.68044273609 0.0333333333333  
1.2049566695 -1.08914470569 1.06045334939 4.19633402041 -4.32945194119 -2.92477950186 127.304098173 42.3210330773 -14.6498622373 1.2049566695 -1.08914470569 1.06045334939 4.19633402041 -4.32945194119 -2.92477950186 0.0333333333333  
1.34460267212 -1.19242305001 0.908056299999 4.19568010665 -2.05186198757 -5.73685617441 127.304098173 42.3210330773 -14.6498622373 1.34460267212 -1.19242305001 0.908056299999 4.19568010665 -2.05186198757 -5.73685617441 0.0333333333333  
1.48477412757 -1.2343870336 0.698905213546 4.21141862862 -0.557715390926 -6.60434013064 142.552513769 55.0430743489 -24.5260004885 1.48477412757 -1.2343870336 0.698905213546 4.21141862862 -0.557715390926 -6.60434013064 0.0333333333333  
1.62708962743 -1.2188375733 0.42511101653 4.23235353283 1.35123181828 -9.01818065682 142.552513769 55.0430743489 -24.5260004885 1.62708962743 -1.2188375733 0.42511101653 4.23235353283 1.35123181828 -9.01818065682 0.0333333333333  
1.76436068107 -1.1520207431 0.127968413235 3.99691626772 2.58074003894 -8.60158972268 66.5823626798 21.5305045107 20.7768990844 1.76436068107 -1.1520207431 0.127968413235 3.99691626772 2.58074003894 -8.60158972268 0.0333333333333  
1.8905479635 -1.12372890992 0.0948871125256 3.53967280272 0.638076359785 1.85278733289 66.5823626798 21.5305045107 20.7768990844 1.8905479635 -1.12372890992 0.0948871125256 3.53967280272 0.638076359785 1.85278733289 0.0333333333333  
1.99845611977 -1.08310063053 0.1707000571 2.92428470456 1.85390526477 2.50282624303 66.5823626798 21.5305045107 20.7768990844 1.99845611977 -1.08310063053 0.1707000571 2.92428470456 1.85390526477 2.50282624303 0.0333333333333  
2.08503265582 -0.999135701178 0.257088793259 2.26596215786 3.18914829745 2.64328913612 66.5823626798 21.5305045107 20.7768990844 2.08503265582 -0.999135701178 0.257088793259 2.26596215786 3.18914829745 2.64328913612 0.0333333333333  
2.14954240075 -0.870388024431 0.344597043431 1.61200369802 4.53032866927 2.57114550206 115.169041953 24.7046555532 13.2732429169 2.14954240075 -0.870388024431 0.344597043431 1.61200369802 4.53032866927 2.57114550206 0.0333333333333  
2.21026137303 -0.71346485744 0.391530458939 2.056036565 4.66296247463 0.81719679124 115.169041953 24.7046555532 13.2732429169 2.21026137303 -0.71346485744 0.391530458939 2.056036565 4.66296247463 0.81719679124 0.0333333333333  
2.28813758367 -0.56577215849 0.411435960754 2.63744137354 4.15310495206 0.424161526808 115.169041953 24.7046555532 13.2732429169 2.28813758367 -0.56577215849 0.411435960754 2.63744137354 4.15310495206 0.424161526808 0.0333333333333  
2.38717388548 -0.438412336451 0.420836329183 3.31516241696 3.4754640063 0.141791724859 124.906776985 60.6895076716 21.9371549971 2.38717388548 -0.438412336451 0.420836329183 3.31516241696 3.4754640063 0.141791724859 0.0333333333333  
2.48227420108 -0.275973430202 0.404028663139 2.60843334169 5.71410504789 -0.681857710117 124.906776985 60.6895076716 21.9371549971 2.48227420108 -0.275973430202 0.404028663139 2.60843334169 5.71410504789 -0.681857710117 0.0333333333333  
2.57410368354 -0.0847298771555 0.386510780235 3.06412947158 5.46309556944 -0.341414305492 -108.621251886 67.3533149529 -39.013560228 2.57410368354 -0.0847298771555 0.386510780235 3.06412947158 5.46309556944 -0.341414305492 0.0333333333333  
2.55371182251 0.410660582319 0.055607199729 -1.03154833154 10.0 -9.46501844929 -108.621251886 67.3533149529 -39.013560228 2.55371182251 0.410660582319 0.055607199729 -1.03154833154 10.0 -9.46501844929 0.0333333333333  
2.48365861179 0.806238459426 -0.250450379721 -2.61414455546 10.0 -7.59853838363 0.0 0.0 0.0 2.48365861179 0.806238459426 -0.250450379721 -2.61414455546 10.0 -7.59853838363 0.0  

0.7 0.0 1.5 0.0 0.0 0.0 23.0902549345 10.8723961795 -37.2119622119 0.7 0.0 1.5 0.0 0.0 0.0 0.0333333333333  
0.665697210055 0.0925728757565 1.39043726166 -1.35850873368 3.8889135048 -5.2265972328 23.0902549345 10.8723961795 -37.2119622119 0.665697210055 0.0925728757565 1.39043726166 -1.35850873368 3.8889135048 -5.2265972328 0.0333333333333  
0.625107929416 0.222183351858 1.18784629671 -1.0212922243 3.75850339159 -6.7105923099 -28.6014516139 -27.0673371432 -22.3122837022 0.625107929416 0.222183351858 1.18784629671 -1.0212922243 3.75850339159 -6.7105923099 0.0333333333333  
0.618241936461 0.277004443415 1.0328670526 0.0898590282787 0.802166111445 -3.83922907204 28.288001474 4.9435377121 -34.2082277127 0.618241936461 0.277004443415 1.0328670526 0.0898590282787 0.802166111445 -3.83922907204 0.0333333333333  
0.612216775769 0.339959104638 0.844146575599 -0.125584254918 2.14170354133 -6.49854732795 142.467045668 16.6491396911 -34.9541541748 0.612216775769 0.339959104638 0.844146575599 -0.125584254918 2.14170354133 -6.49854732795 0.0333333333333  
0.657951655198 0.327578531043 0.654916656963 2.41706485228 -1.70408429979 -6.18708224652 142.467045668 16.6491396911 -34.9541541748 0.657951655198 0.327578531043 0.654916656963 2.41706485228 -1.70408429979 -6.18708224652 0.0333333333333  
0.766062396565 0.244055808278 0.415894590632 4.03728849554 -3.26417210243 -8.10547780248 142.467045668 16.6491396911 -34.9541541748 0.766062396565 0.244055808278 0.415894590632 4.03728849554 -3.26417210243 -8.10547780248 0.0333333333333  
0.923752796517 0.113168580343 0.1229518539 5.33096657005 -4.48935933839 -9.26636080321 143.484357046 2.27647858206 12.387592867 0.923752796517 0.113168580343 0.1229518539 5.33096657005 -4.48935933839 -9.26636080321 0.0333333333333  
1.14115190889 -0.162449536523 0.0367066646315 6.55891533933 -8.31185193718 -1.21269481279 143.484357046 2.27647858206 12.387592867 1.14115190889 -0.162449536523 0.0367066646315 6.55891533933 -8.31185193718 -1.21269481279 0.0333333333333  
1.3542881066 -0.415757879372 0.00592938265265 6.28565458545 -6.9637750383 -0.636178794764 135.187370167 68.618104239 37.9409224167 1.3542881066 -0.415757879372 0.00592938265265 6.28565458545 -6.9637750383 -0.636178794764 0.0333333333333  
1.51593361419 -0.542542117791 -0.00198233932371 3.88030713111 -1.76161092589 0.898749163139 135.187370167 68.618104239 37.9409224167 1.51593361419 -0.542542117791 -0.00198233932371 3.88030713111 -1.76161092589 0.898749163139 0.0333333333333  
1.62445717979 -0.553701377479 0.0562240091793 2.70499586208 0.982292838094 2.40736708648 135.187370167 68.618104239 37.9409224167 1.62445717979 -0.553701377479 0.0562240091793 2.70499586208 0.982292838094 2.40736708648 0.0333333333333  
1.69914244031 -0.481197344926 0.149488639386 1.80887511973 3.32364646608 3.08177625975 135.187370167 68.618104239 37.9409224167 1.69914244031 -0.481197344926 0.149488639386 1.80887511973 3.32364646608 3.08177625975 0.0333333333333  
1.7482489968 -0.336677894795 0.25559788211 1.2193081531 5.22083236916 3.20954068698 76.3751289574 43.8390804781 -35.458181221 1.7482489968 -0.336677894795 0.25559788211 1.2193081531 5.22083236916 3.20954068698 0.0333333333333  
1.76754101081 -0.0388436674714 0.0903289843104 0.978808461506 8.89861804374 -6.9523127159 76.3751289574 43.8390804781 -35.458181221 1.76754101081 -0.0388436674714 0.0903289843104 0.978808461506 8.89861804374 -6.9523127159 0.0333333333333  
1.827406992 0.211464570799 -0.131729422459 2.54676121357 6.30859271324 -6.46112954391 32.4973442825 8.26391734183 10.1337847486 1.827406992 0.211464570799 -0.131729422459 2.54676121357 6.30859271324 -6.46112954391 0.0333333333333  
1.95062368998 0.283958145253 -0.111605129451 3.93384873357 1.31616837857 2.27019762109 32.4973442825 8.26391734183 10.1337847486 1.95062368998 0.283958145253 -0.111605129451 3.93384873357 1.31616837857 2.27019762109 0.0333333333333  
2.08360683159 0.326891884356 -0.0361527499176 4.07142087479 1.2351735821 2.17971378107 32.4973442825 8.26391734183 10.1337847486 2.08360683159 0.326891884356 -0.0361527499176 4.07142087479 1.2351735821 2.17971378107 0.0333333333333  
2.22340834702 0.364379838973 0.0317494416388 4.32893503105 0.993888129751 1.88221896674 -52.83787027 -17.4060708238 1.34826356545 2.22340834702 0.364379838973 0.0317494416388 4.32893503105 0.993888129751 1.88221896674 0.0333333333333  
2.35230634246 0.426035412559 0.0735920310994 3.58811650055 2.19920070683 1.22557574845 -52.83787027 -17.4060708238 1.34826356545 2.35230634246 0.426035412559 0.0735920310994 3.58811650055 2.19920070683 1.22557574845 0.0333333333333  
2.46723345125 0.501925047027 0.116365724512 3.34378819177 2.30076652513 1.30458125533 0.0 0.0 0.0 2.46723345125 0.501925047027 0.116365724512 3.34378819177 2.30076652513 1.30458125533 0.0  

0.7 0.0 1.5 0.0 0.0 0.0 50.2049100352 0.67916508764 4.88773692399 0.7 0.0 1.5 0.0 0.0 0.0 0.0333333333333  
0.713270169002 -0.0223293159261 1.51471045206 0.638413654801 -0.968318530837 0.60851976883 50.2049100352 0.67916508764 4.88773692399 0.713270169002 -0.0223293159261 1.51471045206 0.638413654801 -0.968318530837 0.60851976883 0.0333333333333  
0.738869703586 -0.0560053193032 1.53480367328 0.881203076315 -1.01632916484 0.580299266424 50.2049100352 0.67916508764 4.88773692399 0.738869703586 -0.0560053193032 1.53480367328 0.881203076315 -1.01632916484 0.580299266424 0.0333333333333  
0.77154099061 -0.0891191144886 1.55320437591 1.07575809797 -0.96471709473 0.525224236359 50.2049100352 0.67916508764 4.88773692399 0.77154099061 -0.0891191144886 1.55320437591 1.07575809797 -0.96471709473 0.525224236359 0.0333333333333  
0.810447431459 -0.120106001418 1.56992027183 1.25720157954 -0.892613037836 0.47868718348 -5.13082179241 18.2204688899 12.1679527685 0.810447431459 -0.120106001418 1.56992027183 1.25720157954 -0.892613037836 0.47868718348 0.0333333333333  
0.805146339979 -0.0431891680471 1.55701109804 -0.93413205185 4.02917399117 -0.584527798916 94.8706364958 -31.3123043813 5.86313124746 0.805146339979 -0.0431891680471 1.55701109804 -0.93413205185 4.02917399117 -0.584527798916 0.0333333333333  
0.879090178621 -0.136386156247 1.64108925644 3.93598243781 -6.27362177479 3.24924553579 -37.9671786446 -38.5535542248 16.0062013194 0.879090178621 -0.136386156247 1.64108925644 3.93598243781 -6.27362177479 3.24924553579 0.0333333333333  
0.967100226591 -0.254801113949 1.71358094754 1.89740170645 -2.11952391467 1.93242304852 -37.9671786446 -38.5535542248 16.0062013194 0.967100226591 -0.254801113949 1.71358094754 1.89740170645 -2.11952391467 1.93242304852 0.0333333333333  
1.02000557853 -0.310605614512 1.78533266046 1.35856338096 -1.40620214086 2.39783153399 -37.9671786446 -38.5535542248 16.0062013194 1.02000557853 -0.310605614512 1.78533266046 1.35856338096 -1.40620214086 2.39783153399 0.0333333333333  
1.06049795123 -0.354438494246 1.87233843284 1.0941366239 -1.27041612192 2.79235578628 -37.9671786446 -38.5535542248 16.0062013194 1.06049795123 -0.354438494246 1.87233843284 1.0941366239 -1.27041612192 2.79235578628 0.0333333333333  
1.09394276 -0.397361461143 1.96952908005 0.922263863505 -1.32697536315 3.01241661155 -57.7841322636 36.8527346989 -21.9315960631 1.09394276 -0.397361461143 1.96952908005 0.922263863505 -1.32697536315 3.01241661155 0.0333333333333  
1.014783527 -0.183162247363 1.95268434692 -4.4044289505 10.0 -3.57318490097 77.9652038589 -57.3218730697 -21.3913083449 1.014783527 -0.183162247363 1.95268434692 -4.4044289505 10.0 -3.57318490097 0.0333333333333  
1.03858410499 -0.242843558682 1.94089434172 3.46185637052 -7.94340804104 0.222392625536 77.9652038589 -57.3218730697 -21.3913083449 1.03858410499 -0.242843558682 1.94089434172 3.46185637052 -7.94340804104 0.222392625536 0.0333333333333  
1.182727068 -0.559653590357 1.89060354271 4.87056957798 -10.0 -3.40671101971 77.9652038589 -57.3218730697 -21.3913083449 1.182727068 -0.559653590357 1.89060354271 4.87056957798 -10.0 -3.40671101971 0.0333333333333  
1.35585565179 -0.888033648127 1.72366031961 5.45946307137 -9.45383260515 -6.39007866315 77.9652038589 -57.3218730697 -21.3913083449 1.35585565179 -0.888033648127 1.72366031961 5.45946307137 -9.45383260515 -6.39007866315 0.0333333333333  
1.54463201416 -1.18203270445 1.48108988594 5.84447852015 -8.15774435816 -7.89983275146 121.9338411 31.2345029041 -18.5715177655 1.54463201416 -1.18203270445 1.48108988594 5.84447852015 -8.15774435816 -7.89983275146 0.0333333333333  
1.72135889016 -1.37734606041 1.21549703533 4.98820933014 -4.18317964723 -7.93228358701 136.472927872 25.6761489296 -18.7671625055 1.72135889016 -1.37734606041 1.21549703533 4.98820933014 -4.18317964723 -7.93228358701 0.0333333333333  
1.89164757024 -1.49048385392 0.946524885404 5.25950733667 -2.72355456249 -8.14184189034 136.472927872 25.6761489296 -18.7671625055 1.89164757024 -1.49048385392 0.946524885404 5.25950733667 -2.72355456249 -8.14184189034 0.0333333333333  
2.07304354966 -1.56420384459 0.676842323064 5.63197768193 -1.75230626105 -7.98296648993 122.372883582 53.4880689811 -25.4987753741 2.07304354966 -1.56420384459 0.676842323064 5.63197768193 -1.75230626105 -7.98296648993 0.0333333333333  
2.25918530942 -1.58294865232 0.374609750587 5.46031735023 0.454328806551 -9.48296097976 122.372883582 53.4880689811 -25.4987753741 2.25918530942 -1.58294865232 0.374609750587 5.46031735023 0.454328806551 -9.48296097976 0.0333333333333  
2.43513018144 -1.54187655621 0.0668346571547 5.08757715275 1.9427469305 -8.84959767935 122.372883582 53.4880689811 -25.4987753741 2.43513018144 -1.54187655621 0.0668346571547 5.08757715275 1.9427469305 -8.84959767935 0.0333333333333  
2.59772205796 -1.45548648859 -0.211262202481 4.65299299984 3.23446531466 -7.80408906964 122.372883582 53.4880689811 -25.4987753741 2.59772205796 -1.45548648859 -0.211262202481 4.65299299984 3.23446531466 -7.80408906964 0.0333333333333  
2.74391562166 -1.32571062548 -0.451671845841 4.09166955087 4.57025832603 -6.59484080562 -115.362709877 -49.8799828254 37.8941866569 2.74391562166 -1.32571062548 -0.451671845841 4.09166955087 4.57025832603 -6.59484080562 0.0333333333333  
2.86906135905 -1.27341745726 -0.320314441364 2.88919436343 0.843599726513 8.64435494231 -8.62586670555 55.6458736956 35.9866962582 2.86906135905 -1.27341745726 -0.320314441364 2.88919436343 0.843599726513 8.64435494231 0.0333333333333  
2.91690713172 -1.1468739713 -0.135368985953 0.145678495526 5.86376641747 4.72963099127 -8.62586670555 55.6458736956 35.9866962582 2.91690713172 -1.1468739713 -0.135368985953 0.145678495526 5.86376641747 4.72963099127 0.0333333333333  
2.87809370581 -0.888669427634 0.0292349770003 -2.55547151573 9.84972633977 5.09815281269 -8.62586670555 55.6458736956 35.9866962582 2.87809370581 -0.888669427634 0.0292349770003 -2.55547151573 9.84972633977 5.09815281269 0.0333333333333  
2.73905881444 -0.466561729941 0.19131262059 -5.84441592706 10.0 4.33913291352 45.8314233692 30.7560622832 25.8340234868 2.73905881444 -0.466561729941 0.19131262059 -5.84441592706 10.0 4.33913291352 0.0333333333333  
2.56862097799 -0.175069230502 0.354801525337 -4.31318362377 7.47320983622 5.03796840174 45.8314233692 30.7560622832 25.8340234868 2.56862097799 -0.175069230502 0.354801525337 -4.31318362377 7.47320983622 5.03796840174 0.0333333333333  
2.44985379829 0.0373036643211 0.517391837314 -2.91001945579 5.47157980188 4.6579957644 45.8314233692 30.7560622832 25.8340234868 2.44985379829 0.0373036643211 0.517391837314 -2.91001945579 5.47157980188 4.6579957644 0.0333333333333  
2.3687028029 0.201401601665 0.664686382958 -2.02162107492 4.4941028682 4.19959951141 0.0 0.0 0.0 2.3687028029 0.201401601665 0.664686382958 -2.02162107492 4.4941028682 4.19959951141 0.0  

0.7 0.0 1.5 0.0 0.0 0.0 -115.87482118 -49.2586275516 19.7742887586 0.7 0.0 1.5 0.0 0.0 0.0 0.0333333333333  
0.682167337915 0.0153986103243 1.53427636861 -1.02992933653 0.873521695084 1.8646049924 93.4116936754 -21.2149970978 -24.4423796609 0.682167337915 0.0153986103243 1.53427636861 -1.02992933653 0.873521695084 1.8646049924 0.0333333333333  
0.701326824411 -0.0556717117339 1.58196182458 1.67932673486 -4.00770915052 0.395846751967 93.4116936754 -21.2149970978 -24.4423796609 0.701326824411 -0.0556717117339 1.58196182458 1.67932673486 -4.00770915052 0.395846751967 0.0333333333333  
0.780102299607 -0.219477668346 1.54992016824 2.94775286189 -5.56765982859 -2.31782087062 139.463818073 -56.485192473 -27.7711129934 0.780102299607 -0.219477668346 1.54992016824 2.94775286189 -5.56765982859 -2.31782087062 0.0333333333333  
0.95529738956 -0.543181121279 1.43839708303 6.63346712876 -10.0 -5.74905178243 92.8218607558 -18.9758402901 5.22942764685 0.95529738956 -0.543181121279 1.43839708303 6.63346712876 -10.0 -5.74905178243 0.0333333333333  
1.15290420903 -0.80665341697 1.25368132691 5.49562425121 -6.57059556214 -4.83092872614 92.8218607558 -18.9758402901 5.22942764685 1.15290420903 -0.80665341697 1.25368132691 5.49562425121 -6.57059556214 -4.83092872614 0.0333333333333  
1.33085877998 -1.00585352941 1.12486439443 5.26340012322 -5.55604608072 -2.96208159952 92.8218607558 -18.9758402901 5.22942764685 1.33085877998 -1.00585352941 1.12486439443 5.26340012322 -5.55604608072 -2.96208159952 0.0333333333333  
1.50775401459 -1.1829130209 1.04784581948 5.39450377569 -5.10291515969 -1.79868583546 92.8218607558 -18.9758402901 5.22942764685 1.50775401459 -1.1829130209 1.04784581948 5.39450377569 -5.10291515969 -1.79868583546 0.0333333333333  
1.69270273817 -1.34671793722 0.997230779589 5.7270683308 -4.72001931724 -1.32514084213 -39.7043276578 -7.88759506308 31.6257213615 1.69270273817 -1.34671793722 0.997230779589 5.7270683308 -4.72001931724 -1.32514084213 0.0333333333333  
1.83594082608 -1.46192930001 1.09472717326 3.16532406178 -2.26064399858 5.5811780641 129.213603563 -14.389080382 -14.4714952447 1.83594082608 -1.46192930001 1.09472717326 3.16532406178 -2.26064399858 5.5811780641 0.0333333333333  
1.99081271823 -1.54486412097 1.10168062354 5.7787511714 -2.66174304234 -3.27544484567 121.264851792 32.2730206745 -39.2417486757 1.99081271823 -1.54486412097 1.10168062354 5.7787511714 -2.66174304234 -3.27544484567 0.0333333333333  
2.20204760185 -1.59080273021 0.84993562437 6.58001928999 -0.0673878127951 -10.0 121.264851792 32.2730206745 -39.2417486757 2.20204760185 -1.59080273021 0.84993562437 6.58001928999 -0.0673878127951 -10.0 0.0333333333333  
2.41608825225 -1.55241108996 0.475920375915 6.12046446555 2.23085417468 -10.0 121.264851792 32.2730206745 -39.2417486757 2.41608825225 -1.55241108996 0.475920375915 6.12046446555 2.23085417468 -10.0 0.0333333333333  
2.60777032052 -1.44276761716 0.124789477178 5.31063303878 4.14857146865 -10.0 121.264851792 32.2730206745 -39.2417486757 2.60777032052 -1.44276761716 0.124789477178 5.31063303878 4.14857146865 -10.0 0.0333333333333  
2.76960899837 -1.28067796792 -0.187702072036 4.40809182355 5.50601293393 -8.57675698448 -142.803841154 -67.9776224727 29.6510064602 2.76960899837 -1.28067796792 -0.187702072036 4.40809182355 5.50601293393 -8.57675698448 0.0333333333333  
2.88975424386 -1.20125293994 -0.0628894654101 2.43715109242 1.94251457332 8.67654199402 -142.803841154 -67.9776224727 29.6510064602 2.88975424386 -1.20125293994 -0.0628894654101 2.43715109242 1.94251457332 8.67654199402 0.0333333333333  
2.9271005501 -1.1021038232 0.255371404264 -0.144580457664 4.16391784119 9.91882849375 -142.803841154 -67.9776224727 29.6510064602 2.9271005501 -1.1021038232 0.255371404264 -0.144580457664 4.16391784119 9.91882849375 0.0333333333333  
2.8856355125 -0.919040591568 0.579231650967 -2.23434445967 6.82908098647 9.29291270719 13.251385605 -19.0369286714 -1.21112152934 2.8856355125 -0.919040591568 0.579231650967 -2.23434445967 6.82908098647 9.29291270719 0.0333333333333  
2.8284177143 -0.671572509193 0.718168689011 -1.09277277981 6.9761527414 1.56596650264 13.251385605 -19.0369286714 -1.21112152934 2.8284177143 -0.671572509193 0.718168689011 -1.09277277981 6.9761527414 1.56596650264 0.0333333333333  
2.81725260433 -0.483697655059 0.750942977949 0.419021480911 4.20993309256 0.752337358725 -118.64329814 45.5472883442 -9.04417501763 2.81725260433 -0.483697655059 0.750942977949 0.419021480911 4.20993309256 0.752337358725 0.0333333333333  
2.71651926104 -0.0963395365848 0.635204926225 -5.56133464306 10.0 -6.82180295231 -118.64329814 45.5472883442 -9.04417501763 2.71651926104 -0.0963395365848 0.635204926225 -5.56133464306 10.0 -6.82180295231 0.0333333333333  
2.4820707827 0.316832296338 0.419492935848 -7.6455308606 10.0 -4.95243813156 0.0 0.0 0.0 2.4820707827 0.316832296338 0.419492935848 -7.6455308606 10.0 -4.95243813156 0.0  

0.7 0.0 1.5 0.0 0.0 0.0 -115.273648943 -14.6931790607 31.5438270196 0.7 0.0 1.5 0.0 0.0 0.0 0.0333333333333  
0.648879356205 0.0913117462169 1.51350641045 -2.53711024345 4.30508613812 1.19572716221 -115.273648943 -14.6931790607 31.5438270196 0.648879356205 0.0913117462169 1.51350641045 -2.53711024345 4.30508613812 1.19572716221 0.0333333333333  
0.547115310536 0.253176915979 1.57921491979 -3.45663629945 5.1886704228 2.6276740263 57.2802030947 -17.4923471734 -19.4109170511 0.547115310536 0.253176915979 1.57921491979 -3.45663629945 5.1886704228 2.6276740263 0.0333333333333  
0.482068163599 0.327980044698 1.66865000711 -0.96014972805 0.430645982808 2.09405581383 57.2802030947 -17.4923471734 -19.4109170511 0.482068163599 0.327980044698 1.66865000711 -0.96014972805 0.430645982808 2.09405581383 0.0333333333333  
0.470063485193 0.309366229252 1.70952232597 0.160389582599 -1.38368678895 0.383670540608 57.2802030947 -17.4923471734 -19.4109170511 0.470063485193 0.309366229252 1.70952232597 0.160389582599 -1.38368678895 0.383670540608 0.0333333333333  
0.489512314945 0.24282374308 1.69730489015 0.972763026814 -2.52815518689 -1.0691428507 57.2802030947 -17.4923471734 -19.4109170511 0.489512314945 0.24282374308 1.69730489015 0.972763026814 -2.52815518689 -1.0691428507 0.0333333333333  
0.533120974441 0.145418017479 1.64100728919 1.62121199158 -3.25523733074 -2.27278673546 130.168625037 32.6693449821 -36.809984725 0.533120974441 0.145418017479 1.64100728919 1.62121199158 -3.25523733074 -2.27278673546 0.0333333333333  
0.571358345397 0.10500915179 1.47956893164 1.17953144402 -0.339230535019 -6.35746300888 130.168625037 32.6693449821 -36.809984725 0.571358345397 0.10500915179 1.47956893164 1.17953144402 -0.339230535019 -6.35746300888 0.0333333333333  
0.6231397585 0.0962068993328 1.24070027615 1.96923432052 -0.290919396401 -7.89011069275 130.168625037 32.6693449821 -36.809984725 0.6231397585 0.0962068993328 1.24070027615 1.96923432052 -0.290919396401 -7.89011069275 0.0333333333333  
0.703563875785 0.0831073803993 0.955069952843 2.85985695845 -0.511511130581 -9.24226524051 130.168625037 32.6693449821 -36.809984725 0.703563875785 0.0831073803993 0.955069952843 2.85985695845 -0.511511130581 -9.24226524051 0.0333333333333  
0.813745351067 0.0610373980727 0.626339224024 3.74319057047 -0.831083270623 -10.0 42.0468191849 62.1985636139 -15.5160336755 0.813745351067 0.0610373980727 0.626339224024 3.74319057047 -0.831083270623 -10.0 0.0333333333333  
0.878391152364 0.160447767038 0.27828779891 0.895066291427 4.79018521785 -9.00924472248 147.538132081 -68.9003426721 38.3868711628 0.878391152364 0.160447767038 0.27828779891 0.895066291427 4.79018521785 -9.00924472248 0.0333333333333  
1.09883096231 -0.179710005053 0.503773048661 8.74064769388 -10.0 7.35583842236 94.4769090973 -18.4297760902 18.8944081031 1.09883096231 -0.179710005053 0.503773048661 8.74064769388 -10.0 7.35583842236 0.0333333333333  
1.35359169641 -0.386758473141 0.585384197208 7.25056261037 -4.68361567265 0.800204309767 94.4769090973 -18.4297760902 18.8944081031 1.35359169641 -0.386758473141 0.585384197208 7.25056261037 -4.68361567265 0.800204309767 0.0333333333333  
1.59127114842 -0.522224747559 0.605260242694 7.02866356823 -3.50755580491 0.521457467414 96.895368956 5.29999760445 -38.8873217627 1.59127114842 -0.522224747559 0.605260242694 7.02866356823 -3.50755580491 0.521457467414 0.0333333333333  
1.80370496948 -0.522351493146 0.394882885865 5.95027793293 2.00497136887 -9.77078335583 -68.3117739391 4.37963854987 37.154041715 1.80370496948 -0.522351493146 0.394882885865 5.95027793293 2.00497136887 -9.77078335583 0.0333333333333  
1.93131412117 -0.418866462323 0.36451893773 1.75289815795 5.50659322524 3.28149623275 114.289248688 -33.9383224677 13.0774368532 1.93131412117 -0.418866462323 0.36451893773 1.75289815795 5.50659322524 3.28149623275 0.0333333333333  
2.06482462998 -0.375927409651 0.497930518718 5.78105598946 -1.61930229297 3.43857706735 -104.323848803 -67.727037319 -23.4893278033 2.06482462998 -0.375927409651 0.497930518718 5.78105598946 -1.61930229297 3.43857706735 0.0333333333333  
2.20925743016 -0.311789409943 0.468341307148 3.48083807419 3.47495286869 -2.40225648175 -7.07353719044 24.973740438 -23.2375001721 2.20925743016 -0.311789409943 0.468341307148 3.48083807419 3.47495286869 -2.40225648175 0.0333333333333  
2.27261242743 -0.0671958097291 0.270438501889 1.15925531292 8.78178103787 -6.59169071806 -7.07353719044 24.973740438 -23.2375001721 2.27261242743 -0.0671958097291 0.270438501889 1.15925531292 8.78178103787 -6.59169071806 0.0333333333333  
2.31364492768 0.209348611849 0.0851718170191 1.42090226105 7.67918016819 -4.67753940724 -7.07353719044 24.973740438 -23.2375001721 2.31364492768 0.209348611849 0.0851718170191 1.42090226105 7.67918016819 -4.67753940724 0.0333333333333  
2.37049615263 0.444835690959 -0.0544839697713 2.01038198801 6.4733536889 -3.83111310438 -7.07353719044 24.973740438 -23.2375001721 2.37049615263 0.444835690959 -0.0544839697713 2.01038198801 6.4733536889 -3.83111310438 0.0333333333333  
2.44819813731 0.642461867214 -0.175205825808 2.65142255577 5.406697886 -3.45105149915 0.0 0.0 0.0 2.44819813731 0.642461867214 -0.175205825808 2.65142255577 5.406697886 -3.45105149915 0.0  

0.7 0.0 1.5 0.0 0.0 0.0 22.1561569953 1.95943761151 -17.2148221172 0.7 0.0 1.5 0.0 0.0 0.0 0.0333333333333  
0.685083688366 0.0426418050746 1.44963113714 -0.573635498198 1.78627988841 -2.37467955192 86.7179078981 0.0738057587296 32.9890345037 0.685083688366 0.0426418050746 1.44963113714 -0.573635498198 1.78627988841 -2.37467955192 0.0333333333333  
0.73240138996 -0.0453322594534 1.50880797872 2.31052141254 -4.41603983666 3.59617106404 -53.1166815665 -1.1023650365 33.9480451681 0.73240138996 -0.0453322594534 1.50880797872 2.31052141254 -4.41603983666 3.59617106404 0.0333333333333  
0.736329555476 -0.0362359859812 1.58933546563 -1.14634095943 2.84967508655 2.4139108321 -53.1166815665 -1.1023650365 33.9480451681 0.736329555476 -0.0362359859812 1.58933546563 -1.14634095943 2.84967508655 2.4139108321 0.0333333333333  
0.682260471079 0.0879277298534 1.68684265114 -1.9316334325 4.27254962991 3.41431379512 -53.1166815665 -1.1023650365 33.9480451681 0.682260471079 0.0879277298534 1.68684265114 -1.9316334325 4.27254962991 3.41431379512 0.0333333333333  
0.613349818699 0.237957161048 1.81303043965 -2.15923832215 4.65513343102 4.09539600785 -53.1166815665 -1.1023650365 33.9480451681 0.613349818699 0.237957161048 1.81303043965 -2.15923832215 4.65513343102 4.09539600785 0.0333333333333  
0.539880231835 0.395628740486 1.95653562681 -2.23823819538 4.78449139902 4.47594236657 60.9843429644 -28.64614191 33.6052258126 0.539880231835 0.395628740486 1.95653562681 -2.23823819538 4.78449139902 4.47594236657 0.0333333333333  
0.540525787473 0.408225554969 2.21006368782 1.39618017501 -2.08331472511 8.97511220081 139.872138645 -16.4652895741 14.6886513196 0.540525787473 0.408225554969 2.21006368782 1.39618017501 -2.08331472511 8.97511220081 0.0333333333333  
0.628695402719 0.271396740487 2.50282644514 3.72494970046 -5.91351060818 8.30423237328 139.872138645 -16.4652895741 14.6886513196 0.628695402719 0.271396740487 2.50282644514 3.72494970046 -5.91351060818 8.30423237328 0.0333333333333  
0.780464429308 0.0246567089091 2.75242197801 5.21476946384 -8.54477236273 6.55776005186 139.872138645 -16.4652895741 14.6886513196 0.780464429308 0.0246567089091 2.75242197801 5.21476946384 -8.54477236273 6.55776005186 0.0333333333333  
0.96373577952 -0.263309573939 2.94039803324 5.67227478747 -8.32877746371 4.87055874081 114.60904784 -47.0611514244 -23.3822791278 0.96373577952 -0.263309573939 2.94039803324 5.67227478747 -8.32877746371 4.87055874081 0.0333333333333  
1.16536562096 -0.586355504482 3.00519839837 6.21904719886 -10.0 -0.484402418667 114.60904784 -47.0611514244 -23.3822791278 1.16536562096 -0.586355504482 3.00519839837 6.21904719886 -10.0 -0.484402418667 0.0333333333333  
1.37957911404 -0.920129877803 2.93609333359 6.68291115661 -9.89407702476 -3.38508040016 114.60904784 -47.0611514244 -23.3822791278 1.37957911404 -0.920129877803 2.93609333359 6.68291115661 -9.89407702476 -3.38508040016 0.0333333333333  
1.61456756737 -1.23905493212 2.79050904813 7.46957816477 -9.13772002794 -5.26853220634 122.658528923 -10.3713794984 -21.2914999016 1.61456756737 -1.23905493212 2.79050904813 7.46957816477 -9.13772002794 -5.26853220634 0.0333333333333  
1.86564024154 -1.47254214253 2.61240224967 7.70053336949 -5.29027319862 -5.65356744781 137.631596904 62.1079685492 -38.4200702049 1.86564024154 -1.47254214253 2.61240224967 7.70053336949 -5.29027319862 -5.65356744781 0.0333333333333  
2.1063894579 -1.53274045783 2.40848707435 6.76022049555 1.04376911987 -6.97265155646 137.631596904 62.1079685492 -38.4200702049 2.1063894579 -1.53274045783 2.40848707435 6.76022049555 1.04376911987 -6.97265155646 0.0333333333333  
2.3129760053 -1.42881033725 2.13119738342 5.56995863543 4.93973970868 -9.80472116314 137.631596904 62.1079685492 -38.4200702049 2.3129760053 -1.42881033725 2.13119738342 5.56995863543 4.93973970868 -9.80472116314 0.0333333333333  
2.47478367925 -1.21493792623 1.74996346644 4.1189147978 7.78416529658 -10.0 -4.88300411962 22.0362945925 35.2275162004 2.47478367925 -1.21493792623 1.74996346644 4.1189147978 7.78416529658 -10.0 0.0333333333333  
2.54313097852 -0.879272126773 1.51472071477 0.396443934733 10.0 -5.15621744874 -4.88300411962 22.0362945925 35.2275162004 2.54313097852 -0.879272126773 1.51472071477 0.396443934733 10.0 -5.15621744874 0.0333333333333  
2.5301855854 -0.52405828775 1.39227218973 -0.805752910935 10.0 -2.64218240477 -4.88300411962 22.0362945925 35.2275162004 2.5301855854 -0.52405828775 1.39227218973 -0.805752910935 10.0 -2.64218240477 0.0333333333333  
2.50925403794 -0.218200719415 1.34436475432 -0.274349120671 8.10836976419 -0.26640311877 2.62054929044 36.1261835368 -9.94332926348 2.50925403794 -0.218200719415 1.34436475432 -0.274349120671 8.10836976419 -0.26640311877 0.0333333333333  
2.48702354882 0.0953236238749 1.24345323034 -0.515220226875 9.33508918724 -4.68556976451 0.0 0.0 0.0 2.48702354882 0.0953236238749 1.24345323034 -0.515220226875 9.33508918724 -4.68556976451 0.0  

0.7 0.0 1.5 0.0 0.0 0.0 127.714829729 15.8021020796 -33.4941733815 0.7 0.0 1.5 0.0 0.0 0.0 0.0333333333333  
0.722482606087 -0.0206361369366 1.44484514731 1.3221167538 -1.19794650895 -3.08217589941 127.714829729 15.8021020796 -33.4941733815 0.722482606087 -0.0206361369366 1.44484514731 1.3221167538 -1.19794650895 -3.08217589941 0.0333333333333  
0.785839256136 -0.0747526447784 1.30260944611 2.44846285306 -1.97162948915 -5.38687651353 127.714829729 15.8021020796 -33.4941733815 0.785839256136 -0.0747526447784 1.30260944611 2.44846285306 -1.97162948915 -5.38687651353 0.0333333333333  
0.883982919271 -0.147534812323 1.08823723371 3.41602531666 -2.33323813089 -7.45160589544 44.2442995263 43.2053407328 2.04219575971 0.883982919271 -0.147534812323 1.08823723371 3.41602531666 -2.33323813089 -7.45160589544 0.0333333333333  
0.94476394419 -0.114182934438 0.856285277693 0.809694916501 2.92545179064 -5.73699108091 69.6415256476 -35.0538362609 -26.7906622216 0.94476394419 -0.114182934438 0.856285277693 0.809694916501 2.92545179064 -5.73699108091 0.0333333333333  
1.0464893903 -0.175926360898 0.736831885579 4.31104937412 -4.13558696388 -3.59973209333 69.6415256476 -35.0538362609 -26.7906622216 1.0464893903 -0.175926360898 0.736831885579 4.31104937412 -4.13558696388 -3.59973209333 0.0333333333333  
1.20862548221 -0.333384428873 0.581486445398 5.26925865569 -5.02458407013 -5.62417027938 116.544746677 56.2277915329 20.7249992155 1.20862548221 -0.333384428873 0.581486445398 5.26925865569 -5.02458407013 -5.62417027938 0.0333333333333  
1.33975161327 -0.417930553988 0.457505746504 2.9856164274 -0.806146206333 -1.88774226959 116.544746677 56.2277915329 20.7249992155 1.33975161327 -0.417930553988 0.457505746504 2.9856164274 -0.806146206333 -1.88774226959 0.0333333333333  
1.42075142879 -0.405254353255 0.428039970189 1.98992985399 1.43165844726 -0.203807995102 33.5136527661 -60.9640562488 -38.0618597567 1.42075142879 -0.405254353255 0.428039970189 1.98992985399 1.43165844726 -0.203807995102 0.0333333333333  
1.53506113723 -0.42843967856 0.350516632469 4.56307619595 -2.3727562581 -3.91644715646 79.8949060729 24.3665693747 37.2663703002 1.53506113723 -0.42843967856 0.350516632469 4.56307619595 -2.3727562581 -3.91644715646 0.0333333333333  
1.66948698711 -0.51250557232 0.386742344579 3.4142047397 -1.71475111326 3.39217385739 79.8949060729 24.3665693747 37.2663703002 1.66948698711 -0.51250557232 0.386742344579 3.4142047397 -1.71475111326 3.39217385739 0.0333333333333  
1.76692339823 -0.534375557848 0.520742803945 2.51367124107 0.32859420064 4.3847345303 79.8949060729 24.3665693747 37.2663703002 1.76692339823 -0.534375557848 0.520742803945 2.51367124107 0.32859420064 4.3847345303 0.0333333333333  
1.84176264138 -0.496164929407 0.669112291197 2.04162530406 1.87658020897 4.42315344508 147.52295434 50.7050223742 0.360196903348 1.84176264138 -0.496164929407 0.669112291197 2.04162530406 1.87658020897 4.42315344508 0.0333333333333  
1.91782131378 -0.391590524392 0.671736738298 2.65664539198 3.54223994426 -2.37731601643 -100.024663098 6.64455649909 -6.62392109632 1.91782131378 -0.391590524392 0.671736738298 2.65664539198 3.54223994426 -2.37731601643 0.0333333333333  
1.92866231367 -0.126443308327 0.54843914487 -1.28726737204 10.0 -4.16178073332 102.363929129 68.4648504993 -21.9034195505 1.92866231367 -0.126443308327 0.54843914487 -1.28726737204 10.0 -4.16178073332 0.0333333333333  
1.91186675229 0.183089817065 0.351053490575 0.436442282998 7.97701855107 -6.46311474176 102.363929129 68.4648504993 -21.9034195505 1.91186675229 0.183089817065 0.351053490575 0.436442282998 7.97701855107 -6.46311474176 0.0333333333333  
1.95294564806 0.412768556924 0.13282723333 1.95162763717 5.96311533479 -6.58623010724 102.363929129 68.4648504993 -21.9034195505 1.95294564806 0.412768556924 0.13282723333 1.95162763717 5.96311533479 -6.58623010724 0.0333333333333  
2.0387859086 0.5868303147 -0.0843515490351 3.16672481547 4.53690895217 -6.39014591274 66.5888780029 22.6871360792 16.8529182486 2.0387859086 0.5868303147 -0.0843515490351 3.16672481547 4.53690895217 -6.39014591274 0.0333333333333  
2.17729886702 0.617186661274 -0.0709386549391 4.63019095737 -0.37706914855 2.37624146943 66.5888780029 22.6871360792 16.8529182486 2.17729886702 0.617186661274 -0.0709386549391 4.63019095737 -0.37706914855 2.37624146943 0.0333333333333  
2.33987819854 0.594864433768 0.00642858193829 5.09589292491 -0.885141755132 2.15670706671 66.5888780029 22.6871360792 16.8529182486 2.33987819854 0.594864433768 0.00642858193829 5.09589292491 -0.885141755132 2.15670706671 0.0333333333333  
2.51575116526 0.560392712905 0.0717268171385 5.44021116207 -1.16085095131 1.76682774521 0.0 0.0 0.0 2.51575116526 0.560392712905 0.0717268171385 5.44021116207 -1.16085095131 1.76682774521 0.0  

0.7 0.0 1.5 0.0 0.0 0.0 -50.0117190415 0.759194162674 -3.47207946703 0.7 0.0 1.5 0.0 0.0 0.0 0.0333333333333  
0.651812294102 0.103611212881 1.44543098212 -2.19026748568 4.57017693011 -2.24722404918 -50.0117190415 0.759194162674 -3.47207946703 0.651812294102 0.103611212881 1.44543098212 -2.19026748568 4.57017693011 -2.24722404918 0.0333333333333  
0.571388241214 0.264153188174 1.37306330708 -2.55831095726 4.88720755342 -2.01994325693 93.2768513449 -34.8680260638 -29.9542211927 0.571388241214 0.264153188174 1.37306330708 -2.55831095726 4.88720755342 -2.01994325693 0.0333333333333  
0.575353323138 0.242899380737 1.38519309833 1.72976306384 -3.65229105012 0.503461783094 93.2768513449 -34.8680260638 -29.9542211927 0.575353323138 0.242899380737 1.38519309833 1.72976306384 -3.65229105012 0.503461783094 0.0333333333333  
0.664044022993 0.0734144978371 1.36225294003 3.47743153755 -6.23418749763 -2.05258109946 93.2768513449 -34.8680260638 -29.9542211927 0.664044022993 0.0734144978371 1.36225294003 3.47743153755 -6.23418749763 -2.05258109946 0.0333333333333  
0.801848836114 -0.157352769823 1.24164304696 4.7167997705 -7.37573654329 -5.24481154186 93.2768513449 -34.8680260638 -29.9542211927 0.801848836114 -0.157352769823 1.24164304696 4.7167997705 -7.37573654329 -5.24481154186 0.0333333333333  
0.973290546445 -0.402679590398 1.01341766162 5.48534524649 -7.13605531484 -8.32344778616 -134.29374788 43.6766517628 -6.84477293864 0.973290546445 -0.402679590398 1.01341766162 5.48534524649 -7.13605531484 -8.32344778616 0.0333333333333  
0.975762928805 -0.289392947636 0.724211012919 -3.88952237365 10.0 -7.89768140861 135.468766233 10.317378724 -5.59231087565 0.975762928805 -0.289392947636 0.724211012919 -3.88952237365 10.0 -7.89768140861 0.0333333333333  
0.962317640087 -0.215120884775 0.63713070106 1.71082157326 -1.92157363795 -0.77576856045 135.468766233 10.317378724 -5.59231087565 0.962317640087 -0.215120884775 0.63713070106 1.71082157326 -1.92157363795 -0.77576856045 0.0333333333333  
1.04993755907 -0.317175149801 0.588751357262 3.33474250209 -3.75019589416 -2.2554747453 135.468766233 10.317378724 -5.59231087565 1.04993755907 -0.317175149801 0.588751357262 3.33474250209 -3.75019589416 -2.2554747453 0.0333333333333  
1.17663871695 -0.450475637407 0.491885093633 4.1905543297 -4.12841334789 -3.41779569279 135.468766233 10.317378724 -5.59231087565 1.17663871695 -0.450475637407 0.491885093633 4.1905543297 -4.12841334789 -3.41779569279 0.0333333333333  
1.32578469935 -0.587424486814 0.369622113456 4.72398322052 -4.04285601985 -3.81113439403 107.621223084 -8.27874226496 -7.82352754846 1.32578469935 -0.587424486814 0.369622113456 4.72398322052 -4.04285601985 -3.81113439403 0.0333333333333  
1.49129600652 -0.727511776931 0.255714313417 5.1675553236 -4.20688635414 -3.24048834643 107.621223084 -8.27874226496 -7.82352754846 1.49129600652 -0.727511776931 0.255714313417 5.1675553236 -4.20688635414 -3.24048834643 0.0333333333333  
1.6693084411 -0.863792092939 0.15013790362 5.50932149458 -3.94262658986 -3.09532617292 82.0199991111 32.7490246575 -31.3466409594 1.6693084411 -0.863792092939 0.15013790362 5.50932149458 -3.94262658986 -3.09532617292 0.0333333333333  
1.82810242584 -0.891549702326 -0.105499509826 4.1918873462 0.889500147482 -8.88778233453 82.0199991111 32.7490246575 -31.3466409594 1.82810242584 -0.891549702326 -0.105499509826 4.1918873462 0.889500147482 -8.88778233453 0.0333333333333  
1.9552584998 -0.834104334056 -0.387580462205 3.49117203941 2.43651373786 -7.96555897833 82.0199991111 32.7490246575 -31.3466409594 1.9552584998 -0.834104334056 -0.387580462205 3.49117203941 2.43651373786 -7.96555897833 0.0333333333333  
2.06302740246 -0.73288266038 -0.636268449704 2.99580081251 3.60680314622 -6.95474362337 51.964063081 55.99720567 15.7660961151 2.06302740246 -0.73288266038 -0.636268449704 2.99580081251 3.60680314622 -6.95474362337 0.0333333333333  
2.15360968828 -0.62137827165 -0.730074714287 2.10214776363 4.1953136854 -0.85075169222 51.964063081 55.99720567 15.7660961151 2.15360968828 -0.62137827165 -0.730074714287 2.10214776363 4.1953136854 -0.85075169222 0.0333333333333  
2.19812715534 -0.440056276321 -0.72128878484 0.55836243744 6.66163040294 1.38249295941 104.951022123 68.9950557891 16.6689382121 2.19812715534 -0.440056276321 -0.72128878484 0.55836243744 6.66163040294 1.38249295941 0.0333333333333  
2.2061124857 -0.204502534205 -0.628974192779 -0.104627699397 7.56784609922 3.85620171159 104.951022123 68.9950557891 16.6689382121 2.2061124857 -0.204502534205 -0.628974192779 -0.104627699397 7.56784609922 3.85620171159 0.0333333333333  
2.19793709666 0.0533741819005 -0.472186802009 -0.20624418305 7.64743785584 5.31979444908 104.951022123 68.9950557891 16.6689382121 2.19793709666 0.0533741819005 -0.472186802009 -0.20624418305 7.64743785584 5.31979444908 0.0333333333333  
2.20496140152 0.291584848393 -0.299294406371 0.778900199269 6.52887467356 4.68424609634 104.951022123 68.9950557891 16.6689382121 2.20496140152 0.291584848393 -0.299294406371 0.778900199269 6.52887467356 4.68424609634 0.0333333333333  
2.2554020272 0.485166471581 -0.170906850663 2.276807181 5.06614929226 3.03997645928 -44.734285539 -24.3473473098 -0.429961513728 2.2554020272 0.485166471581 -0.170906850663 2.276807181 5.06614929226 3.03997645928 0.0333333333333  
2.35680855215 0.596859754896 -0.0495080235014 3.57175258673 2.35851563495 3.25365665218 -44.734285539 -24.3473473098 -0.429961513728 2.35680855215 0.596859754896 -0.0495080235014 3.57175258673 2.35851563495 3.25365665218 0.0333333333333  
2.48651031478 0.65653294313 0.0395340922684 4.14507330366 1.30253880834 2.17443008032 0.0 0.0 0.0 2.48651031478 0.65653294313 0.0395340922684 4.14507330366 1.30253880834 2.17443008032 0.0  

0.7 0.0 1.5 0.0 0.0 0.0 25.1322859665 -17.864899626 12.9473726824 0.7 0.0 1.5 0.0 0.0 0.0 0.0333333333333  
0.724023584793 -0.0539009742565 1.54413947198 1.05936334579 -2.32352165971 1.9144242094 25.1322859665 -17.864899626 12.9473726824 0.724023584793 -0.0539009742565 1.54413947198 1.05936334579 -2.32352165971 1.9144242094 0.0333333333333  
0.76217480508 -0.134775623204 1.61167247758 1.19828436452 -2.45398142122 2.08311459928 -134.977774951 -37.2944289027 3.7379190512 0.76217480508 -0.134775623204 1.61167247758 1.19828436452 -2.45398142122 2.08311459928 0.0333333333333  
0.728888234094 -0.0708826593594 1.62391183015 -2.29266314149 4.18619006875 -0.316157228574 116.886195308 -65.4190255096 33.6489363946 0.728888234094 -0.0708826593594 1.62391183015 -2.29266314149 4.18619006875 -0.316157228574 0.0333333333333  
0.825897125987 -0.320095745906 1.79980019785 5.51709116808 -10.0 6.1625941058 116.886195308 -65.4190255096 33.6489363946 0.825897125987 -0.320095745906 1.79980019785 5.51709116808 -10.0 6.1625941058 0.0333333333333  
1.04911308424 -0.730154154579 1.96741682658 7.2591268581 -10.0 3.48162513793 116.886195308 -65.4190255096 33.6489363946 1.04911308424 -0.730154154579 1.96741682658 7.2591268581 -10.0 3.48162513793 0.0333333333333  
1.31242196972 -1.08738738869 2.05310017852 8.32309941784 -10.0 1.76046440975 116.886195308 -65.4190255096 33.6489363946 1.31242196972 -1.08738738869 2.05310017852 8.32309941784 -10.0 1.76046440975 0.0333333333333  
1.60269538055 -1.40984273062 2.09510224681 9.07930623472 -9.1511389768 0.88199531488 128.200902021 17.7173104696 16.8970341049 1.60269538055 -1.40984273062 2.09510224681 9.07930623472 -9.1511389768 0.88199531488 0.0333333333333  
1.89244634955 -1.61752138761 2.1163376601 8.49047477875 -3.75726823379 0.254604455637 42.2059813282 3.51446628571 22.6286433265 1.89244634955 -1.61752138761 2.1163376601 8.49047477875 -3.75726823379 0.254604455637 0.0333333333333  
2.14915225804 -1.65748603183 2.14327818773 6.98900969562 1.02292958566 1.00707627544 42.2059813282 3.51446628571 22.6286433265 2.14915225804 -1.65748603183 2.14327818773 6.98900969562 1.02292958566 1.00707627544 0.0333333333333  
2.35960269222 -1.56476071922 2.16776641186 5.62904937427 4.35534265064 0.319648518203 42.2059813282 3.51446628571 22.6286433265 2.35960269222 -1.56476071922 2.16776641186 5.62904937427 4.35534265064 0.319648518203 0.0333333333333  
2.52414334671 -1.37861140939 2.15899210201 4.25744366848 6.6408684731 -0.89125307053 -22.8891559644 44.9000759004 -28.9004246332 2.52414334671 -1.37861140939 2.15899210201 4.25744366848 6.6408684731 -0.89125307053 0.0333333333333  
2.61378078294 -1.06635534582 2.04483990056 1.04888285829 10.0 -5.94730737232 -22.8891559644 44.9000759004 -28.9004246332 2.61378078294 -1.06635534582 2.04483990056 1.04888285829 10.0 -5.94730737232 0.0333333333333  
2.60056806684 -0.658740224988 1.78271231489 -1.69552454731 10.0 -10.0 -22.8891559644 44.9000759004 -28.9004246332 2.60056806684 -0.658740224988 1.78271231489 -1.69552454731 10.0 -10.0 0.0333333333333  
2.51451597032 -0.273798521184 1.42434698384 -3.11393577136 10.0 -10.0 -22.8891559644 44.9000759004 -28.9004246332 2.51451597032 -0.273798521184 1.42434698384 -3.11393577136 10.0 -10.0 0.0333333333333  
2.40042112504 0.0783446077142 1.07792100533 -3.39268989585 10.0 -10.0 0.0 0.0 0.0 2.40042112504 0.0783446077142 1.07792100533 -3.39268989585 10.0 -10.0 0.0  
END